begin,end,f1_1,f1_2,f1_3,f1_4,f1_all
0,10,0.6369967861819031,0.5932591164865537,0.5626433653024633,0.5600084813398495,0.5934576405502813
4,14,0.528685705343752,0.38309675146019395,0.36679260245780404,0.31981890090232595,0.4089703193927208
8,18,0.388075394104274,0.3304362462130915,0.3456613197021632,0.4511005709626754,0.38277949474897205
12,22,0.5308506700820467,0.535281240552909,0.5527512587024671,0.5340461542599982,0.5386059453242763
16,26,0.4618703371738399,0.4930404942489808,0.5747697825954559,0.5288616722532332,0.5223531434002956
20,30,0.5868464085377708,0.610063362871963,0.5934326893445169,0.5632786832091858,0.5985828692614813
24,34,0.5730157871767987,0.6060138085958379,0.6214875096646355,0.6325286363626065,0.6189920040416497
28,38,0.648215299897087,0.635928246150244,0.5776719995982847,0.5781642420449123,0.6226772620528017
32,42,0.6545149069667419,0.6662243200204992,0.6610255630202082,0.6342337468414159,0.6553900720023621
36,46,0.6902668019713095,0.6863550266685038,0.4730147501574257,0.29641148167119363,0.5414900096188954
40,50,0.3562960533337783,0.3852403024346276,0.38387710770616595,0.4027565143309193,0.3827699482869254
