day,macro_f1,trade_time,winrate,usefulrate,drowdown,return,hold
0,0.6332906359203917,7794,0.7970233512958584,0.631680618158409,0.002360852348804454,0.07914320130467367,-0.08667153120040894
1,0.5933535128643816,9050,0.7616574585635275,0.6259973886551629,0.0014068924124417423,0.06327645587205936,-0.007280111312866211
2,0.5525619183412344,2475,0.7624242424242116,0.6131425543190454,0.000925409905145254,0.019565321502685615,-0.026477456092834473
3,0.5567226620502619,7033,0.7501777335418633,0.6376042456406437,0.000858611191638447,0.05313109512567545,-0.021993935108184814
all,0.589646853864327,26292,0.7687889852426565,0.6300400732202066,0.0023669408500194278,0.21519213602662743,-0.13601112365722656
4,0.5283737007223724,17852,0.824725520950029,0.6949670583440896,0.0007017497749354147,0.2772653235220882,-0.09273093938827515
5,0.38542007260391314,22739,0.8136241699283134,0.6765039727582309,0.0014989020529278993,0.2989407828986571,-0.011088073253631592
6,0.36581891239997244,24185,0.8164151333471127,0.7422132185363396,0.0005461819178495699,0.5553836952567021,-0.06229114532470703
7,0.32239986654596103,27714,0.8166991412282572,0.7819210037995945,0.0014577169251089113,0.7089678971552817,-0.001849055290222168
all,0.4099713143555223,92593,0.8169408054604551,0.7310127837341198,0.001073247672396739,1.8497420916700609,-0.15863609313964844
8,0.4462498018075168,5120,0.769335937499985,0.7867479055597921,0.000796951621969001,0.12879769782185516,0.0327526330947876
9,0.3838354426779807,2503,0.6628046344386471,0.7498493068113472,0.0029848285748627526,0.0323285912132264,0.014588475227355957
10,0.3820970604156257,2482,0.6732473811442113,0.7408737283064188,0.0012824243012365848,0.032962382786273885,0.029000401496887207
11,0.4517498645475723,4403,0.7510788099023222,0.7405503477472107,0.002072872478139778,0.07299499411582912,-0.03571045398712158
all,0.4185680575452612,14470,0.7272287491361387,0.7609046849757697,0.0026915330043339823,0.2639510067486795,0.039919495582580566
12,0.5387867893364668,5209,0.7993856786331196,0.669548511047078,0.0005620688017592494,0.06850279736280389,0.01055288314819336
13,0.540858044313716,5812,0.8021335168616517,0.678035178035185,0.00045593658955164193,0.07543321032166413,-0.04530048370361328
14,0.5517355575551403,6449,0.8174910838889623,0.6572458270106287,0.00042403028875124957,0.07717241570591947,0.04042685031890869
15,0.5373384923470723,5170,0.796518375241764,0.6619718309859237,0.0006342477549923329,0.06381877457380326,-0.03482621908187866
all,0.542437168673632,22661,0.8044216936587053,0.6660815184595992,0.0005619043038293023,0.2844534406471225,-0.029113829135894775
16,0.47811401270000004,2189,0.7076290543626904,0.6126533247256545,0.001101681496763062,0.010461818095445682,0.00876307487487793
17,0.502619050649788,2795,0.6908765652951452,0.6317969963749543,0.0023579553111102857,0.01606904131650934,0.029282689094543457
18,0.5619998052718072,4950,0.7705050505050349,0.6628211851075075,0.0010418088847470777,0.054439692444801395,-0.03587573766708374
19,0.5312065730908678,3615,0.7399723374826904,0.6871028037383294,0.001648476118281414,0.039845228184461665,0.01435840129852295
all,0.5242431214458866,13502,0.7400385128129111,0.6554243394715806,0.0019301637434145623,0.12330279681443977,0.015250682830810547
20,0.5549027473589262,4156,0.7639557266602318,0.6513385826771763,0.0006421318023485176,0.04674495386242861,0.005700826644897461
21,0.5807835499672405,5138,0.7773452705332663,0.6860290435653559,0.0007342635012887578,0.08292352489948179,-0.009254097938537598
22,0.5672094761569416,6247,0.7792540419401188,0.6824157764995957,0.0004802969125559366,0.08520236808657612,-0.022739529609680176
23,0.538512738809998,1839,0.7161500815660296,0.6302201974184032,0.0012276412976289475,0.012287451404333119,0.005147576332092285
all,0.5702523667029883,17381,0.768425291985497,0.6713087750823625,0.001000967475720859,0.22735163265228706,-0.021227717399597168
24,0.5362515551778476,1431,0.7393431167015556,0.6209829867675216,0.0005416243337189673,0.008726089485883734,0.015030860900878906
25,0.5642392739139358,3368,0.7580166270783623,0.685859772816307,0.0016422697410989533,0.05445357364654547,0.07864594459533691
26,0.5775059051872243,4054,0.7696102614701339,0.6477564102564215,0.0012519538143567544,0.040599891026020254,0.0026007890701293945
27,0.5952408042658602,4553,0.7733362618053861,0.6665719965918868,0.001002370008048412,0.05366263184070595,-0.0670282244682312
all,0.5795151318843895,13407,0.7640038785708901,0.6621107097530053,0.001690698689648546,0.15825161614298783,0.025803208351135254
28,0.5959003808289071,3794,0.8099630996309749,0.6592905955092854,0.0004986826128061172,0.05924105039954189,0.024565577507019043
29,0.5920005698836449,3250,0.7879999999999757,0.6743459586099307,0.0005339588303708984,0.043846579921245514,-0.025275588035583496
30,0.5463209620639039,1436,0.7527855153202818,0.5689176688252018,0.0006762023799926478,0.010280883843898797,0.0026715993881225586
31,0.5522872455343432,1515,0.7663366336633157,0.5908699397071843,0.0007237531556673718,0.012644592194557188,0.006601929664611816
all,0.5827441469935689,9995,0.7885942971485664,0.6428571428571475,0.0006513156787258229,0.1261555233836162,0.009094595909118652
32,0.603907802333098,4213,0.8305245668169753,0.6576164618462516,0.0005668632780004147,0.057517791665792906,0.04627823829650879
33,0.6146943785933682,5231,0.824698910342175,0.7046824292999605,0.000437799533328711,0.10723911651968936,-0.004026174545288086
34,0.596522114579869,5718,0.8384050367261133,0.7169378389653793,0.00038497590394869136,0.12379990937471351,-0.03199690580368042
35,0.5983323863911322,3053,0.8247625286603071,0.6715647339158193,0.00025280855276244084,0.045100919250250164,-0.008506953716278076
all,0.604755815843373,18215,0.8303595937414174,0.6910413223140517,0.0005668325831298808,0.33377900843381847,0.0011900663375854492
36,0.6704670075260744,4181,0.8935661325041642,0.7210920770878019,0.0006953074206929684,0.10751879093885396,-0.029208600521087646
37,0.6804214217454323,4009,0.8967323522075107,0.7296244784422885,0.0003316919524058433,0.10221897747635823,-0.01822185516357422
38,0.4755066693593193,6300,0.5592063492063404,0.6190746522849953,0.03792465875287266,-0.03356906419157991,-0.056948840618133545
39,0.28473612095895695,12788,0.4731779793556422,0.7302925136341145,0.12427220408792436,-0.12384508620858248,-0.1633390188217163
all,0.5342806178000874,26895,0.6278862242052403,0.7010126132527997,0.12416901358582949,0.0663780883848709,-0.24816089868545532
40,0.3845646122118676,7080,0.5642655367231558,0.7083854818523228,0.010482837737695955,0.019064780029058606,-0.04449629783630371
41,0.41060607543341193,9418,0.5822892333828776,0.6880014587892107,0.011890933860722592,0.06162617467641848,0.04240226745605469
42,0.4044608014800126,6236,0.5873957665169887,0.665847665847675,0.01031017508851644,0.005584158418178525,-0.09426999092102051
43,0.4173809419355563,5154,0.5993403181994451,0.6594367109096906,0.003654081412434059,0.000918437929153437,0.00424957275390625
all,0.4047880869494603,25491,0.5844807971440878,0.6744747969662415,0.015371738634200957,0.060971980112789495,-0.09525692462921143
