begin,end,f1_1,f1_2,f1_3,f1_4,f1_all
0,10,0.6224448400047847,0.5858081349547867,0.5238759367386989,0.5439305419489912,0.576067890629578
4,14,0.5219099561855803,0.3777167616138837,0.36708829590974296,0.31931908588139374,0.40571629387407276
8,18,0.41758988011542675,0.3852925400759259,0.4015877592772911,0.4698817642813089,0.4223085621585175
12,22,0.517670378433515,0.524546690803481,0.5413589151812804,0.5243988213890126,0.5273240321982917
16,26,0.45182680239865486,0.48388740703431604,0.5528415008458695,0.5182371782973603,0.5090097960205566
20,30,0.5619025681830766,0.5842960456516132,0.5667582988032098,0.549771926529974,0.5750911719548909
24,34,0.540933514515959,0.5718629857533194,0.5855532434656808,0.6013390831462325,0.5864151378448589
28,38,0.6379950533566673,0.633663312859428,0.5903407394792796,0.5951226832385254,0.6247963532670868
32,42,0.6480048230211003,0.658307329077117,0.6440942665046274,0.6445547918278013,0.6498512395127632
36,46,0.7022702124118175,0.7061207960989467,0.47545084785850555,0.27643866819601687,0.5467959598514637
40,50,0.3870236380695002,0.4069097017928817,0.4108092679355893,0.4196037002251856,0.4067449829929795
